 -0.0536991 0.000779223  -0.0100793
-0.0531918 0.00132738 -0.0100109
 -0.0533129  0.00119537 -0.00998113
 -0.052952 0.00156337 -0.0100924
-0.0531512  0.0014345 -0.0100494
 -0.0538132 0.000327919  -0.0101252
-0.0526878 0.00144986 -0.0101467
 -0.0531233 0.000593528  -0.0101545
 -0.0529935 0.000334587  -0.0103827
 -0.0531437 0.000999447   -0.010192
 -0.0533947 0.000853416  -0.0101354
 -0.0517417 0.000927169  -0.0111571
  -0.0528516 -0.000239655   -0.0101761
-0.0531182 0.00103015 -0.0102314
-0.0533675 0.00088419 -0.0101622
-0.0533768 0.00144457 -0.0101641
-0.0526505 0.00125127 -0.0103285
-0.0526041 0.00109534 -0.0104767
 -0.0541765 0.000976186  -0.0101082
 -0.0521727 0.000101175   -0.011089
 -0.0484734 -0.00325508  -0.0123414
  -0.049368 -0.00192029  -0.0116404
 -0.0493319 -0.00204403  -0.0115316
 -0.0529726 0.000814766  -0.0101972
 -0.0474485  0.00535234 -0.00878177
  -0.052482 -0.00155593  -0.0107033
 -0.0503139 -0.00187992  -0.0112363
-0.0502711 -0.0019956 -0.0111067
-0.0530786 0.00150485 -0.0103252
  -0.0524482 -0.000956234   -0.0104009
  -0.0538655 -0.000815645  -0.00979592
 -0.0495807 -0.00168999  -0.0108767
 -0.0532075 0.000823587   -0.010211
  -0.0537599 -0.000696067  -0.00982281
 -0.0539358  0.00024803 -0.00964516
-0.0534647 0.00051707 -0.0101338
 -0.0533032 0.000382196  -0.0101576
  -0.0536335 -0.000451002  -0.00994859
  -0.0534271 -0.000594601   -0.0101691
 -0.0529833 -0.00110639  -0.0103404
 -0.0535988 0.000294458  -0.0101144
 -0.0533654 0.000840463  -0.0104622
  -0.053862 0.000621509 -0.00958068
-0.0529144 0.00113923 -0.0105992
-0.0532491 0.00101459 -0.0104731
  -0.053144 0.000502456  -0.0107428
 -0.0553132 0.000216436   -0.010166
-0.0542651  0.0010304 -0.0103429
 -0.0537023 0.000540309  -0.0105729
-0.0530621 0.00056294 -0.0106844
 -0.0534336 0.000691887   -0.010567
 -0.0552299 -0.00160109 -0.00913007
 -0.053496 0.00146208  -0.010282
  -0.053797 0.000681918  -0.0100487
 -0.0530481 0.000896297  -0.0105809
 -0.0543027 0.000763964 -0.00977529
-0.0531358 0.00120647 -0.0104553
 -0.0542076 4.34518e-05  -0.0107761
 -0.0542538 0.000749066 -0.00985046
 -0.0534067  0.00127027 -0.00967122
  -0.054366  0.00100319 -0.00965584
 -0.0536165 0.000664026  -0.0101122
-0.0530477 0.00122091 -0.0105504
-0.0528545 0.00120509 -0.0106701
-0.0529402 0.00139511  -0.010608
 -0.0537493 0.000848152  -0.0107309
 -0.0538261 0.000658356 -0.00998214
 -0.0539897 0.000751331 -0.00997432
 -0.0531201 0.000720151  -0.0105607
 -0.0532828 0.000839241  -0.0108002
 -0.0538694 0.000439741  -0.0105538
-0.0535382 0.00150704 -0.0104168
 -0.0538836  0.00059405 -0.00995839
 -0.0536792 0.000641368  -0.0107625
 -0.0532627 0.000748225  -0.0103793
-0.0525141 0.00083039   -0.01039
  -0.053465 0.000363819  -0.0106709
 -0.0535864 0.000277951  -0.0104598
 -0.0538626 3.60161e-05  -0.0109722
-0.0536826 0.00084573 -0.0103898
   -0.05351 0.000209346    -0.01076
-0.0537729 0.00124555 -0.0105081
-0.0543178 0.00125469 -0.0104414
 -0.054241  0.0011901 -0.0102935
-0.0536046 0.00100666 -0.0104538
 -0.053463 0.00092829  -0.010789
-0.0533694 0.00108262 -0.0106581
 -0.0528877 0.000201784  -0.0111346
  -0.054818 0.000433803 -0.00968135
  -0.0516578 -0.000986904     -0.01077
 -0.0546317 0.000481367 -0.00986512
 -0.0542126 0.000397079  -0.0109481
-0.0535914 0.00107699 -0.0108498
 -0.0531556 0.000577472  -0.0108951
 -0.0532999 0.000496157  -0.0109026
 -0.0532839 0.000136822  -0.0107733
-0.0535262 0.00108345 -0.0109048
  -0.0543787 -0.000193395   -0.0108342
  -0.0550925 -0.000351936   -0.0098934
  -0.0542228 -0.000110567    -0.010887
-0.0536357 0.00111087 -0.0108611
-0.0551553 0.00048241 -0.0110357
  -0.0541434 -0.000102222   -0.0109054
 -0.0555177 0.000392035  -0.0108593
-0.0526634 0.00181197 -0.0113242
 -0.053728 0.00206972 -0.0106193
 -0.0546946 0.000475965  -0.0109463
-0.0538411 0.00107067 -0.0110263
  -0.0545136 -6.17504e-05   -0.0108601
 -0.053471 0.00157877 -0.0111409
-0.0515363 0.00168717 -0.0115057
 -0.0533285 5.22658e-05   -0.010703
-0.0534022 0.00122891 -0.0107585
 -0.0541694 0.000845693  -0.0108339
-0.0541122 0.00101882 -0.0109793
 -0.0536619 0.000447847  -0.0104865
 -0.0541912 1.71959e-05  -0.0103492
 -0.0527312 0.000201672  -0.0110758
 -0.0543928 0.000620082  -0.0104168
 -0.0534247 0.000492252   -0.010783
-0.0540081  0.0013124 -0.0107977
 -0.054142 0.00118863 -0.0108621
  -0.0534244 -0.000283137   -0.0105229
 -0.0536706 0.000876844  -0.0109229
-0.0543178 0.00163236 -0.0114295
 -0.0534829 0.000730082  -0.0109001
-0.0543804 0.00144184 -0.0112311
 -0.0545081 0.000913776  -0.0113115
-0.0537677 0.00091435 -0.0111129
-0.0543669 0.00175002  -0.010868
 -0.0542134 0.000243485  -0.0109765
 -0.0542871 0.000786029  -0.0104886
 -0.0543192 0.000754453  -0.0104287
 -0.0540011 0.000200301  -0.0107767
