-0.0612708 0.00129143  0.0860081
 -0.0646401 0.000779223   0.0832265
-0.0624409 0.00132738  0.0851494
 -0.060837 0.00119537  0.0868335
-0.0645858 0.00156337  0.0826779
 -0.06313 0.0014345  0.084537
 -0.0590801 0.000427108   0.0873147
 -0.0673452 0.000327919   0.0807156
-0.0629222 0.00144986  0.0843357
 -0.0616633 0.000593528   0.0861079
  -0.057849 0.000334587   0.0886005
  -0.119734 -0.00112062   0.0643077
 -0.0660902 0.000999447     0.08136
 -0.0646762 0.000853416   0.0833027
-0.0581039 0.00106988  0.0877116
 -0.0558962 0.000927169   0.0883408
 -0.106625 0.00171375  0.0202154
   -0.120311 -0.000199813    0.0578192
  -0.119515 -0.00113202   0.0638783
  -0.0676206 -0.000239655    0.0792173
-0.0662488 0.00103015   0.081072
-0.0648554 0.00088419  0.0830475
-0.0632192 0.00144457  0.0849485
-0.0579805 0.00109724  0.0874369
   -0.119364 -0.000403009    0.0622305
  -0.0675552 -0.000280365    0.0800346
 -0.0661324 0.000992335    0.081774
-0.0616748 0.00139477  0.0854724
-0.0601949 0.00125127  0.0872513
-0.0582975 0.00109534  0.0884685
  -0.107263 0.000897456   0.0210324
   -0.120975 -0.000788499    0.0547881
 -0.0675469 0.000431016   0.0800836
 -0.0663591 0.000976186   0.0819836
 -0.0535874 0.000101175   0.0897841
  -0.0500486 -6.76289e-05    0.0910146
 -0.0711772 0.000322081   0.0349402
 -0.0813103 -0.00325508   0.0616232
 -0.0803542 -0.00192029   0.0636509
 -0.0784708 -0.00204403    0.065149
-0.0656746 0.00107235  0.0804797
 -0.0642448 0.000945833   0.0823837
 -0.0628646 0.000814766   0.0843748
-0.0208191 0.00535234   0.101703
 -0.0869357 -0.00155593   0.0620676
 -0.0810357 -0.00187992   0.0641456
-0.0791324 -0.0019956  0.0656471
 -0.0772268 -0.00211131   0.0671595
-0.0627373 0.00150485  0.0842914
 -0.0710231 -0.00173153    0.034268
 -0.102874 0.00095664   0.029122
-0.0614129 0.00150545  0.0842036
-0.0600227 0.00134749  0.0860348
-0.0584276 0.00120289  0.0875602
   -0.071768 -0.000963066    0.0345955
   -0.102669 -0.000452317    0.0310798
  -0.0844344 -0.000956234    0.0636421
  -0.0864423 -0.000815645    0.0635148
  -0.071152 -0.00168999   0.0706828
 -0.0618421 0.000823587   0.0853134
 -0.0601368 0.000664972   0.0868942
 -0.0582233 0.000538219   0.0882911
 -0.0561853 0.000411209    0.089457
   -0.10216 0.000282124   0.0277208
  -0.0878973 -0.000696067    0.0621082
-0.0525956 0.00024803  0.0917752
  -0.0486373 -0.000729341    0.0933844
   -0.100317 -0.000472073     0.030093
-0.0577387 0.00126129  0.0872947
-0.0568499 0.00051707   0.088875
 -0.0547037 0.000382196    0.089901
-0.0575919 0.00129941  0.0882555
  -0.0522956 -0.000451002    0.0914709
  -0.0501073 -0.000594601    0.0922696
  -0.080132 -0.00110639   0.0654767
 -0.0530671 0.000294458   0.0910922
  -0.0510774 -0.000507273    0.0920129
 -0.0757034 0.000840463   0.0826023
 -0.0435289 0.000621509   0.0970213
 -0.078871 0.00113923  0.0790549
-0.0773965 0.00101459   0.081002
  -0.0936064 -2.55182e-05    0.0290129
 -0.0804943 0.000502456   0.0784144
 -0.0774246 0.000216436   0.0836886
 -0.0823208 0.000782371   0.0749089
-0.0787592  0.0010304  0.0811195
 -0.0772578 0.000934083   0.0828635
 -0.0222133 6.43432e-05     0.11079
  -0.080619 0.000540309   0.0790183
 -0.0778153 0.000946224    0.082234
-0.0714324 0.00056294   0.087311
 -0.0819959 0.000691887   0.0761375
 -0.0704719 0.000527289   0.0885928
 -0.0413771 -0.00160109    0.100605
 -0.0806223 0.000837471   0.0747097
 -0.0603402 0.000842888   0.0943665
  -0.050339 -0.00106293   0.0979638
-0.0581748 0.00146208  0.0951773
 -0.0556947 0.000681918   0.0966451
-0.0528032 0.00123527  0.0971674
  -0.059757 0.000896297   0.0939894
 -0.0569339 0.000763964   0.0965088
-0.0541642  0.0013258  0.0972106
-0.0517692 0.00120647  0.0977888
 -0.0832975 4.34518e-05   0.0803029
 -0.0611171 0.000998408     0.09346
 -0.0561438 0.000749066   0.0968219
-0.0358697 0.00127027   0.101979
-0.0875421 0.00132105  0.0697541
-0.0605152 0.00100319  0.0950007
 -0.0581138 0.000882298   0.0955127
 -0.0537862 0.000664026   0.0975074
-0.0511698 0.00122091   0.097911
-0.0592317 0.00165178  0.0949352
-0.0501915 0.00120509  0.0980607
-0.0876774 0.00139511  0.0686202
 -0.0833809 0.000848152   0.0794323
-0.0583764 0.00165829  0.0951664
 -0.0524437 0.000658356   0.0982279
 -0.0845018 0.000944927   0.0780107
-0.0569308 0.00159682  0.0949089
  -0.053818 0.000751331   0.0975485
 -0.0875219 0.000720151   0.0690257
  -0.085589 0.000960581   0.0775523
 -0.0824262 0.000839241   0.0797583
 -0.0762754 0.000439741   0.0869565
-0.0702438 0.00150704  0.0908676
-0.0499174 0.00059405  0.0992475
-0.0851609  0.0023241  0.0674142
  -0.087639 0.000641368   0.0702064
 -0.0525152 0.000748225   0.0971736
-0.0871647 0.00083039  0.0678288
 -0.0498881 0.000650443   0.0985993
 -0.0490652 0.000637345   0.0989375
 -0.0867251 0.000657335   0.0716852
 -0.0727131 0.000363819   0.0894739
 -0.0562251 0.000277951   0.0958794
 -0.0881676 3.60161e-05   0.0700956
-0.0677734 0.00084573    0.09257
 -0.0666485 0.000845127   0.0941058
 -0.0891681 0.000209346   0.0707808
 -0.0593767 0.000647776   0.0979033
 -0.0885013 0.000803702   0.0732592
 -0.0888461 0.000872746   0.0723931
-0.0724195 0.00124555  0.0912878
 -0.0663253 0.000977241   0.0948467
-0.0721024 0.00125469  0.0921507
-0.0702458  0.0011901  0.0937034
 -0.065602 0.00100666  0.0954794
-0.0784311 0.00092829  0.0848916
  -0.0604147 -0.000584401    0.0984659
-0.0686029 0.00117707  0.0939561
  -0.06637 0.00108262  0.0948534
  -0.0608722 -0.000537328    0.0980363
 -0.0456814 0.000201784    0.101103
 -0.0662583 0.000433803   0.0963484
 -0.102316 0.00355785  0.0342215
-0.0907676 0.00033994   0.071254
  -0.0889891 -0.000986904    0.0704358
 -0.0659898 0.000481367   0.0959375
   -0.10728 0.000757575   0.0190432
 -0.0910587 0.000397079   0.0710028
  -0.0916562 -0.000175491    0.0685145
 -0.0810764 0.000517897   0.0840818
 -0.0917844 0.000424862   0.0706519
-0.0775584 0.00107699  0.0869643
   -0.106767 -4.73484e-05    0.0218133
 -0.0808401 0.000577472   0.0834878
 -0.0792914 0.000496157   0.0852212
   -0.107914 -0.000704393    0.0201474
 -0.0845615 0.000136822   0.0782043
-0.0765181 0.00108345  0.0874948
  -0.0911501 -0.000193395    0.0699623
-0.0869854 0.00104866  0.0735164
  -0.0742014 -0.000351936    0.0906669
  -0.0915337 -0.000110567    0.0687394
-0.0871153 0.00107909  0.0732677
-0.0748474 0.00111087  0.0882209
  -0.107597 7.23824e-05   0.0193263
 -0.0912267 0.000557385   0.0692317
-0.0904044 0.00048241  0.0717608
-0.0432576  0.0012714   0.101756
  -0.107395 0.000703089   0.0206637
  -0.108841 4.47184e-05   0.0195231
  -0.0905503 -0.000102222    0.0696398
 -0.0889336 0.000392035   0.0745338
-0.0547107 0.00181197  0.0973004
-0.0430738 0.00206972   0.101975
  -0.11241 0.00199588 0.00819637
   -0.105534 -0.000140898    0.0243639
   -0.104565 -0.000237577    0.0267524
 -0.0890005 0.000475965   0.0729457
 -0.086576 0.00107067  0.0749986
   -0.106157 -9.82434e-05    0.0231365
   -0.091102 -6.17504e-05    0.0690018
-0.0822364 0.00157877  0.0790687
 -0.155516 0.00434034   0.099489
    -0.10739 -9.97633e-06    0.0208949
   -0.106405 -0.000111327     0.023248
-0.0819976 0.00247297  0.0730833
-0.0829287 0.00168717   0.075539
 -0.0568207 0.000785269   0.0783845
   -0.106781 -7.46176e-05     0.022363
   -0.105524 -0.000165485    0.0245423
 -0.0896229 5.22658e-05     0.06871
-0.0537434 0.00122891  0.0980598
   -0.107158 -2.07946e-05    0.0211534
 -0.0949172 0.000700377   0.0371761
 -0.0814623 0.000899941   0.0797971
 -0.0798865 0.000845693   0.0815836
   -0.107652 -3.85568e-05    0.0220396
   -0.105973 -0.000139549    0.0236691
-0.0842592 0.00110299  0.0757199
-0.0828881 0.00101882  0.0777695
   -0.107459 -1.65626e-05    0.0214543
  -0.0948872 -6.75023e-06    0.0378023
  -0.110941 0.000303648    0.011449
 -0.102327 -0.0002819  0.0268343
-0.0338825 -0.0035178  0.0981949
   -0.104291 -0.000183716    0.0241988
 -0.0619658 0.000447847   0.0912991
 -0.0670168 1.71959e-05   0.0871748
 -0.0542982 0.000201672   0.0940153
   -0.103061 -0.000233181    0.0252951
 -0.0652166 0.000620082   0.0886973
 -0.108183 0.00107592  0.0101784
-0.0748996  0.0012349  0.0670402
-0.0732051 0.00127906  0.0684245
 -0.107716 6.2786e-05  0.0167555
 -0.0723918 0.000492252   0.0705202
-0.0750175  0.0013124  0.0673347
-0.0716748 0.00118863  0.0717846
  -0.0493298 -0.000283137    0.0930218
 -0.0432802 0.000876844   0.0947292
    -0.10345   0.00411682 -0.000123054
-0.0797404 0.00163236  0.0577656
 -0.0750325 0.000730082   0.0662248
-0.0639925 0.00528623  0.0715404
-0.0763818 0.00144184   0.064738
 -0.0987924 0.000375099   0.0228667
  -0.0883456 -0.000105537    0.0380135
 -0.0792196 0.000913776   0.0586369
-0.0414934 0.00492756  0.0509256
-0.0775262 0.00091435  0.0602007
-0.0440369 0.00487549  0.0524415
-0.0617705 0.00175002  0.0786407
   -0.100195 -0.000101216    0.0153524
  -0.076228 0.000243485   0.0587848
  -0.049482 0.000786029   0.0881304
 -0.0982456 0.000569984   0.0158071
  -0.101914 0.000704505    0.013105
 -0.0522601 0.000187136   0.0840438
 -0.0482557 0.000754453   0.0879989
  -0.100639 0.000682056   0.0144022
 -0.0988127 0.000580616   0.0157239
 -0.0711751 0.000200301   0.0657772
  -0.100157 0.000665762    0.014854
 -0.0980244 0.000561677   0.0156675
-0.0985539 0.00058943  0.0153639
  -0.099695 0.000578903   0.0179154
  -0.109498 0.000849873   0.0155546
  -0.098762 0.000556365    0.018377
 -0.112778 0.00087063  0.0152881
  -0.101441 0.000599451   0.0177022
 -0.0976434 0.000547387   0.0191869
 -0.0988418 0.000575289   0.0186302
 -0.0986672 0.000558138   0.0179327
-0.0985901 0.00058122  0.0180683
  -0.115859 0.000895843   0.0147773
   -0.10025 0.000598684   0.0179769
  -0.111023 0.000144124   0.0145652
  -0.115633 0.000944525   0.0139678
-0.0901447 0.00250421  0.0167712
  -0.0971238 -0.000174478    0.0167986
    -0.11409 -0.000508413    0.0114578
   -0.113095 -0.000507742    0.0111256
  -0.109142 0.000125006   0.0105935
   -0.109687 -0.000589445    0.0104921
  -0.100538 0.000701547   0.0109747
-0.0985192 0.00065361  0.0116203
   -0.108518 -0.000608966    0.0104243
  -0.0983995 -7.66814e-05    0.0103432
  -0.0985201 -5.41806e-05    0.0107174
   -0.110087 -0.000576973    0.0100042
  -0.107997 7.62343e-05  0.00973538
  -0.107697 8.65906e-05  0.00911179
 -0.0982588 -5.6982e-05    0.011719
  -0.0991723 -4.84139e-05    0.0117116
 -0.101413 0.00140861 0.00945112
  -0.0604377 -0.000371873    0.0122991
  -0.0645071 -0.000360087   0.00897089
  -0.064108 0.000396386   0.0098447
  -0.0617708 -0.000350818    0.0106822
 -0.0602151 -0.00400342    0.022049
 -0.0634115 -0.00032936   0.0100575
  -0.0582856 -0.000358343    0.0131532
  -0.0604607 -0.000375211    0.0118979
  -0.0603607 -0.000355348    0.0128494
 -0.0580688 -0.00036639   0.0135164
  -0.0591252 -0.000359282    0.0130863
  -0.0569838 -0.000377253    0.0139717
 -0.0528894 0.000349015   0.0140144
  -0.047552 0.000312284     0.01953
 -0.0449224 0.000242904    0.020003
 -0.0467086 0.000282601   0.0202082
 -0.0426936 -0.00043343   0.0210971
 -0.0444849 0.000354514   0.0215237
 -0.0571942 -0.00174685   0.0162666
 -0.0464476 0.000337034   0.0214984
  -0.0420912 -0.000443205    0.0225726
   -0.048781 -0.000390977    0.0194131
 -0.0475111 0.000302926   0.0204808
  -0.046723 0.000369668   0.0209689
 -0.0549087 0.000492737  0.00997639
  -0.0499342 -0.000243917    0.0128394
 -0.0495808 0.000511765   0.0106002
  -0.0485049 -0.000241935    0.0124161
  -0.0463194 -0.000229254    0.0134024
 -0.050341 0.00127378 0.00974552
 -0.0417166 0.000549525   0.0140923
 -0.0453656 0.000573739   0.0113587
   -0.034845 -0.000928879     0.016273
  -0.0337146 -0.000866622    0.0161491
  -0.0382116 -0.000112876    0.0134538
  -0.0364098 -0.000873566    0.0145935
  -0.0328312 -9.78708e-05    0.0165341
  -0.0330469 -0.000828862    0.0154821
 -0.0287755 0.000711918   0.0169255
 -0.0263744 0.000708356   0.0175282
  -0.0270536 -0.000801444    0.0179995
-0.0436024 0.00524475 0.00806413
-0.0413219 0.00524977 0.00862513
  -0.0330929 -2.78503e-05    0.0149463
  -0.0274329 -2.69264e-05    0.0176553
-0.0250031 0.00148934  0.0177821
-0.0405701 0.00528482 0.00845421
 -0.0222315 -0.00160782  -0.0525885
 -0.0189822 -0.00226164   -0.052787
-0.0202644 0.00240511  0.0181328
 -0.0313087 0.000976294   0.0154024
-0.0290756 0.00175381  0.0151936
-0.0256278 0.00022766  0.0177611
 -0.0224597 0.000261858   0.0170375
