   -0.05377 0.000779223 -0.00999561
 -0.0532622  0.00132738 -0.00992429
 -0.0533827  0.00119537 -0.00989182
 -0.0531937 0.000593528  -0.0100664
-0.0534389 0.00088419 -0.0100789
 -0.0522392 0.000101175  -0.0109918
  -0.0525271 -0.000956234   -0.0103495
     -0.054  0.00024803 -0.00954565
  -0.0536977 -0.000451002  -0.00984908
 -0.0530586 -0.00110639  -0.0102842
 -0.0534472 0.000840463  -0.0103861
-0.0529976 0.00113923 -0.0105288
 -0.0532282 0.000502456  -0.0106738
 -0.0553953 0.000216436   -0.010089
 -0.054348  0.0010304 -0.0102697
 -0.0552872 -0.00160109  -0.0090144
 -0.0542947 4.34518e-05  -0.0107062
-0.0534617 0.00127027 -0.0095513
 -0.0544396  0.00100319 -0.00955802
 -0.053116 0.00122091 -0.0104437
-0.0530252 0.00139511 -0.0105534
 -0.0539542 0.000439741  -0.0104734
-0.0536199 0.00150704 -0.0103291
 -0.0535484 0.000363819   -0.010586
-0.0537628 0.00084573 -0.0102988
 -0.0535974 0.000209346  -0.0107037
-0.0536779 0.00107699 -0.0107701
 -0.0532435 0.000577472  -0.0108212
-0.0537204 0.00111087 -0.0107784
 -0.055243 0.00048241  -0.010978
  -0.0542308 -0.000102222   -0.0108505
 -0.0556053 0.000392035  -0.0107978
-0.0537904 0.00206972 -0.0105029
-0.0539285 0.00107067 -0.0109637
  -0.0546008 -6.17504e-05   -0.0108061
-0.0534728 0.00122891 -0.0106529
 -0.0542541 0.000845693  -0.0107606
-0.0541975 0.00101882 -0.0109116
 -0.0542667 1.71959e-05  -0.0102626
 -0.0544673 0.000620082  -0.0103274
 -0.0534957 0.000492252  -0.0107162
-0.0540789  0.0013124 -0.0107353
-0.0542124 0.00118863  -0.010793
-0.0544509 0.00144184 -0.0111714
 -0.0545773 0.000913776  -0.0112594
 -0.0542799 0.000243485  -0.0109229
 -0.0543461 0.000786029  -0.0103896
 -0.0540673 0.000200301  -0.0107133
